[0, 32, 16, 48, 32, 64, 48, 80]
[88, 8, 40, 24, 56, 40, 72, 56]
[1, 33, 17, 49, 33, 65, 49, 81]
[89, 9, 41, 25, 57, 41, 73, 57]
[2, 34, 18, 50, 34, 66, 50, 82]
[90, 10, 42, 26, 58, 42, 74, 58]
[3, 35, 19, 51, 35, 67, 51, 83]
[91, 11, 43, 27, 59, 43, 75, 59]
[4, 36, 20, 52, 36, 68, 52, 84]
[92, 12, 44, 28, 60, 44, 76, 60]
[5, 37, 21, 53, 37, 69, 53, 85]
[93, 13, 45, 29, 61, 45, 77, 61]
[6, 38, 22, 54, 38, 70, 54, 86]
[94, 14, 46, 30, 62, 46, 78, 62]
[7, 39, 23, 55, 39, 71, 55, 87]
[95, 15, 47, 31, 63, 47, 79, 63]
