[0, 64, 16, 80, 32, 96, 48, 112]
[120, 8, 72, 24, 88, 40, 104, 56]
[1, 65, 17, 81, 33, 97, 49, 113]
[121, 9, 73, 25, 89, 41, 105, 57]
[2, 66, 18, 82, 34, 98, 50, 114]
[122, 10, 74, 26, 90, 42, 106, 58]
[3, 67, 19, 83, 35, 99, 51, 115]
[123, 11, 75, 27, 91, 43, 107, 59]
[4, 68, 20, 84, 36, 100, 52, 116]
[124, 12, 76, 28, 92, 44, 108, 60]
[5, 69, 21, 85, 37, 101, 53, 117]
[125, 13, 77, 29, 93, 45, 109, 61]
[6, 70, 22, 86, 38, 102, 54, 118]
[126, 14, 78, 30, 94, 46, 110, 62]
[7, 71, 23, 87, 39, 103, 55, 119]
[127, 15, 79, 31, 95, 47, 111, 63]